
                          mean       std    median      5.0%     95.0%     n_eff     r_hat
                  Mp      0.28      0.03      0.28      0.23      0.34    680.09      1.00
                  RV    -82.92      8.20    -83.18    -95.72    -68.91   1325.77      1.00
          Radius_btm      1.24      0.03      1.24      1.19      1.28    585.24      1.00
                  Rs      0.94      0.02      0.94      0.90      0.97    703.96      1.00
                  T0   1081.28     70.46   1078.25    967.21   1195.05    689.53      1.00
          logP_cloud     -4.78      0.25     -4.79     -5.20     -4.39    510.76      1.00
   logVMR_(12C)(16O)     -1.69      0.24     -1.66     -2.09     -1.31    953.72      1.00
  logVMR_(12C)(16O)2     -2.43      0.23     -2.43     -2.81     -2.06    636.94      1.00
      logVMR_(12C)H4    -10.00      2.99     -9.98    -14.99     -5.88    551.28      1.00
         logVMR_C2H2     -9.85      2.98     -9.92    -14.99     -5.74    793.73      1.00
      logVMR_H2(16O)     -1.10      0.15     -1.09     -1.36     -0.88    543.77      1.00
          logVMR_H2S     -7.53      4.10     -7.47    -13.46     -1.78    725.60      1.00
          logVMR_HCN     -9.70      3.05     -9.50    -14.86     -5.49    864.39      1.00
          logVMR_NH3     -8.78      3.49     -8.64    -14.15     -3.20    874.59      1.00
          logVMR_SO2     -2.93      0.21     -2.92     -3.26     -2.59    579.93      1.00

Number of divergences: 21
